读地址
FE FE FE 68 99 99 99 99 99 99 68 01 02 65 F3 C1 16 

读表9010
FE FE FE 68 99 99 99 99 99 99 68 01 02 43 C3 6F 16

读表2010
FE FE FE 68 99 99 99 99 99 99 68 01 02 43 53 FF 16 

读表1010
FE FE FE 68 99 99 99 99 99 99 68 01 02 43 43 EF 16 

发送：68 67 63 14 00 00 00 68 01 02 43 C3 B7 16
接收：FE FE FE FE 68 67 63 14 00 00 00 68 81 06 43 C3 87 34 33 33 5C 16
其中，87 34 33 33为电表总正向有功电能读数，减33后得54 01 00 00，读数低位在前高位在后（即00 00 01 54），即读数为1.54kWh，与实表总正向有功电能1.5kWh一致

发送： FE FE 68 38 38 00 00 05 12 68 01 02 43 C3 60 16
接收： FE FE FE FE 68 38 38 00 00 05 12 68 81 06 43 C3 37 33 33 33 B4 16
其中，37 33 33 33为电表读数，即0.04kWh，与实表0.04kWh一致
